reader event notification
04 3f 00 00 00 20 00 00 00 00 00 f6 00 16 00 80
00 0c 00 06 3e 90 aa b9 cc e0 01 00 00 06 00 00

get reader capabilities
04 01 00 00 00 0b 00 00 00 01 00

get reader capabilities response
04 0b 00 00 06 f3 00 00 00 01 01 1f 00 08 00 00
00 00 00 89 01 c0 00 08 40 00 00 00 65 1a 00 1e
88 6a 00 0e 46 52 39 30 30 2d 32 30 32 35 30 32
32 35 00 8b 00 08 00 01 00 00 00 8b 00 08 00 02
00 0a 00 8b 00 08 00 03 00 0b 00 8b 00 08 00 04
00 0c 00 8b 00 08 00 05 00 0d 00 8b 00 08 00 06
00 0e 00 8b 00 08 00 07 00 0f 00 8b 00 08 00 08
00 10 00 8b 00 08 00 09 00 11 00 8b 00 08 00 0a
00 12 00 8b 00 08 00 0b 00 13 00 8b 00 08 00 0c
00 14 00 8b 00 08 00 0d 00 15 00 8b 00 08 00 0e
00 16 00 8b 00 08 00 0f 00 17 00 8b 00 08 00 10
00 18 00 8b 00 08 00 11 00 19 00 8b 00 08 00 12
00 1a 00 8b 00 08 00 13 00 1b 00 8b 00 08 00 14
00 1c 00 8b 00 08 00 15 00 1d 00 8b 00 08 00 16
00 1e 00 8b 00 08 00 17 00 1f 00 8b 00 08 00 18
00 20 00 8b 00 08 00 19 00 21 00 8b 00 08 00 1a
00 22 00 8b 00 08 00 1b 00 23 00 8b 00 08 00 1c
00 24 00 8b 00 08 00 1d 00 25 00 8b 00 08 00 1e
00 26 00 8b 00 08 00 1f 00 27 00 8b 00 08 00 20
00 28 00 8b 00 08 00 21 00 29 00 8b 00 08 00 22
00 2a 00 8b 00 08 00 23 00 2b 00 8b 00 08 00 24
00 2c 00 8b 00 08 00 25 00 2d 00 8b 00 08 00 26
00 2e 00 8b 00 08 00 27 00 2f 00 8b 00 08 00 28
00 30 00 8b 00 08 00 29 00 31 00 8b 00 08 00 2a
00 32 00 8d 00 08 00 04 00 04 00 8c 00 09 00 08
00 01 01 00 8c 00 09 00 07 00 01 01 00 8c 00 09
00 06 00 01 01 00 8c 00 09 00 05 00 01 01 00 8c
00 09 00 04 00 01 01 00 8c 00 09 00 03 00 01 01
00 8c 00 09 00 02 00 01 01 00 8c 00 09 00 01 00
01 01 00 8e 00 1c 48 01 00 00 00 00 00 01 00 00
00 20 00 00 00 01 00 00 05 e4 00 00 00 08 00 8f
04 7d 01 9a 00 14 00 90 04 75 00 91 00 08 00 00
00 00 00 91 00 08 00 01 00 19 00 91 00 08 00 02
00 32 00 91 00 08 00 03 00 4b 00 91 00 08 00 04
00 64 00 91 00 08 00 05 00 7d 00 91 00 08 00 06
00 96 00 91 00 08 00 07 00 af 00 91 00 08 00 08
00 c8 00 91 00 08 00 09 00 e1 00 91 00 08 00 0a
00 fa 00 91 00 08 00 0b 01 13 00 91 00 08 00 0c
01 2c 00 91 00 08 00 0d 01 45 00 91 00 08 00 0e
01 5e 00 91 00 08 00 0f 01 77 00 91 00 08 00 10
01 90 00 91 00 08 00 11 01 a9 00 91 00 08 00 12
01 c2 00 91 00 08 00 13 01 db 00 91 00 08 00 14
01 f4 00 91 00 08 00 15 02 0d 00 91 00 08 00 16
02 26 00 91 00 08 00 17 02 3f 00 91 00 08 00 18
02 58 00 91 00 08 00 19 02 71 00 91 00 08 00 1a
02 8a 00 91 00 08 00 1b 02 a3 00 91 00 08 00 1c
02 bc 00 91 00 08 00 1d 02 d5 00 91 00 08 00 1e
02 ee 00 91 00 08 00 1f 03 07 00 91 00 08 00 20
03 20 00 91 00 08 00 21 03 39 00 91 00 08 00 22
03 52 00 91 00 08 00 23 03 6b 00 91 00 08 00 24
03 84 00 91 00 08 00 25 03 9d 00 91 00 08 00 26
03 b6 00 91 00 08 00 27 03 cf 00 91 00 08 00 28
03 e8 00 91 00 08 00 29 04 01 00 91 00 08 00 2a
04 1a 00 91 00 08 00 2b 04 33 00 91 00 08 00 2c
04 4c 00 91 00 08 00 2d 04 65 00 91 00 08 00 2e
04 7e 00 91 00 08 00 2f 04 97 00 91 00 08 00 30
04 b0 00 91 00 08 00 31 04 c9 00 91 00 08 00 32
04 e2 00 91 00 08 00 33 04 fb 00 91 00 08 00 34
05 14 00 91 00 08 00 35 05 2d 00 91 00 08 00 36
05 46 00 91 00 08 00 37 05 5f 00 91 00 08 00 38
05 78 00 91 00 08 00 39 05 91 00 91 00 08 00 3a
05 aa 00 91 00 08 00 3b 05 c3 00 91 00 08 00 3c
05 dc 00 91 00 08 00 3d 05 f5 00 91 00 08 00 3e
06 0e 00 91 00 08 00 3f 06 27 00 91 00 08 00 40
06 40 00 91 00 08 00 41 06 59 00 91 00 08 00 42
06 72 00 91 00 08 00 43 06 8b 00 91 00 08 00 44
06 a4 00 91 00 08 00 45 06 bd 00 91 00 08 00 46
06 d6 00 91 00 08 00 47 06 ef 00 91 00 08 00 48
07 08 00 91 00 08 00 49 07 21 00 91 00 08 00 4a
07 3a 00 91 00 08 00 4b 07 53 00 91 00 08 00 4c
07 6c 00 91 00 08 00 4d 07 85 00 91 00 08 00 4e
07 9e 00 91 00 08 00 4f 07 b7 00 91 00 08 00 50
07 d0 00 91 00 08 00 51 07 e9 00 91 00 08 00 52
08 02 00 91 00 08 00 53 08 1b 00 91 00 08 00 54
08 34 00 91 00 08 00 55 08 4d 00 91 00 08 00 56
08 66 00 91 00 08 00 57 08 7f 00 91 00 08 00 58
08 98 00 91 00 08 00 59 08 b1 00 91 00 08 00 5a
08 ca 00 91 00 08 00 5b 08 e3 00 91 00 08 00 5c
08 fc 00 91 00 08 00 5d 09 15 00 91 00 08 00 5e
09 2e 00 91 00 08 00 5f 09 47 00 91 00 08 00 60
09 60 00 91 00 08 00 61 09 79 00 91 00 08 00 62
09 92 00 91 00 08 00 63 09 ab 00 91 00 08 00 64
09 c4 00 91 00 08 00 65 09 dd 00 91 00 08 00 66
09 f6 00 91 00 08 00 67 0a 0f 00 91 00 08 00 68
0a 28 00 91 00 08 00 69 0a 41 00 91 00 08 00 6a
0a 5a 00 91 00 08 00 6b 0a 73 00 91 00 08 00 6c
0a 8c 00 91 00 08 00 6d 0a a5 00 91 00 08 00 6e
0a be 00 91 00 08 00 6f 0a d7 00 91 00 08 00 70
0a f0 00 91 00 08 00 71 0b 09 00 91 00 08 00 72
0b 22 00 91 00 08 00 73 0b 3b 00 91 00 08 00 74
0b 54 00 91 00 08 00 75 0b 6d 00 91 00 08 00 76
0b 86 00 91 00 08 00 77 0b 9f 00 91 00 08 00 78
0b b8 00 92 00 25 80 00 93 00 20 00 00 00 06 00
22 fe 02 00 22 ff f6 00 23 01 ea 00 23 03 de 00
23 05 d2 00 23 07 c6 01 48 00 84 01 49 00 20 00
00 00 00 00 00 02 00 00 00 9c 40 00 00 07 d0 00
00 61 a8 00 00 61 a8 00 00 00 00 01 49 00 20 00
00 00 01 80 03 00 00 00 00 f4 24 00 00 07 d0 00
00 61 a8 00 00 61 a8 00 00 00 00 01 49 00 20 00
00 00 02 80 03 00 00 00 01 24 f8 00 00 07 d0 00
00 4e 20 00 00 4e 20 00 00 00 00 01 49 00 20 00
00 00 03 00 00 02 00 00 06 1a 80 00 00 07 d0 00
00 18 6a 00 00 18 6a 00 00 00 00 01 47 00 07 40
00 02 03 ff 00 5b 00 00 5e 95 00 00 00 1d 00 0e
42 6c 75 65 62 69 72 64 20 46 52 39 30 30 00 0e
33 37 30 2d 31 38 2d 32 30 2d 31 31 33 36 00 0a
35 2e 31 32 2e 32 2e 32 34 30 00 09 35 2e 38 2e
34 2e 32 34 30 00 09 35 2e 38 2e 34 2e 32 34 30
00 0b 32 35 30 2d 30 30 35 2d 30 31 33 03 ff 00
26 00 00 5e 95 00 00 00 1e 00 06 00 22 fe 02 00
22 ff f6 00 23 01 ea 00 23 03 de 00 23 05 d2 00
23 07 c6

set reader config
04 03 00 00 00 0b 00 00 00 02 80

set reader config response
04 0d 00 00 00 12 00 00 00 02 01 1f 00 08 00 00
00 00

delete rospec
04 15 00 00 00 0e 00 00 00 03 00 00 00 00

delete rospec response
04 1f 00 00 00 12 00 00 00 03 01 1f 00 08 00 00
00 00

delete accessspec
04 29 00 00 00 0e 00 00 00 04 00 00 00 00

delete accessspec response
04 33 00 00 00 12 00 00 00 04 01 1f 00 08 00 00
00 00

set reader config
04 03 00 00 00 70 00 00 00 05 00 00 f4 00 20 00
f5 00 07 00 08 80 00 f5 00 07 00 01 80 00 f5 00
07 00 03 80 00 f5 00 07 00 02 80 00 ed 00 12 02
00 01 00 ee 00 0b 00 00 01 5c 00 05 00 00 ef 00
05 01 00 dc 00 09 01 00 00 27 10 00 e1 00 08 00
01 00 00 00 e1 00 08 00 02 00 00 00 e1 00 08 00
03 00 00 00 e1 00 08 00 04 00 00 00 e2 00 05 00

keepalive
04 3e 00 00 00 0a 00 00 00 00

set reader config response
04 0d 00 00 00 12 00 00 00 05 01 1f 00 08 00 00
00 00

keepalive ack
04 48 00 00 00 0a 00 00 00 06

add rospec
04 14 00 00 01 bc 00 00 00 01 00 b1 01 b2 00 00
04 d2 00 00 00 b2 00 12 00 b3 00 05 00 00 b6 00
09 00 00 00 00 00 00 b7 01 96 00 08 00 01 00 02
00 03 00 04 00 05 00 06 00 07 00 08 00 b8 00 09
00 00 00 00 00 00 ba 01 77 04 d2 01 00 de 00 2e
00 01 00 df 00 06 00 01 00 e0 00 0a 00 01 00 01
00 78 01 4a 00 18 00 01 4f 00 08 00 03 00 00 01
50 00 0b 00 00 20 00 00 00 00 00 de 00 2e 00 02
00 df 00 06 00 01 00 e0 00 0a 00 01 00 01 00 78
01 4a 00 18 00 01 4f 00 08 00 03 00 00 01 50 00
0b 00 00 20 00 00 00 00 00 de 00 2e 00 03 00 df
00 06 00 01 00 e0 00 0a 00 01 00 01 00 78 01 4a
00 18 00 01 4f 00 08 00 03 00 00 01 50 00 0b 00
00 20 00 00 00 00 00 de 00 2e 00 04 00 df 00 06
00 01 00 e0 00 0a 00 01 00 01 00 78 01 4a 00 18
00 01 4f 00 08 00 03 00 00 01 50 00 0b 00 00 20
00 00 00 00 00 de 00 2e 00 05 00 df 00 06 00 01
00 e0 00 0a 00 01 00 01 00 78 01 4a 00 18 00 01
4f 00 08 00 03 00 00 01 50 00 0b 00 00 20 00 00
00 00 00 de 00 2e 00 06 00 df 00 06 00 01 00 e0
00 0a 00 01 00 01 00 78 01 4a 00 18 00 01 4f 00
08 00 03 00 00 01 50 00 0b 00 00 20 00 00 00 00
00 de 00 2e 00 07 00 df 00 06 00 01 00 e0 00 0a
00 01 00 01 00 78 01 4a 00 18 00 01 4f 00 08 00
03 00 00 01 50 00 0b 00 00 20 00 00 00 00 00 de
00 2e 00 08 00 df 00 06 00 01 00 e0 00 0a 00 01
00 01 00 78 01 4a 00 18 00 01 4f 00 08 00 03 00
00 01 50 00 0b 00 00 20 00 00 00 00

add rospec response
04 1e 00 00 00 12 00 00 00 01 01 1f 00 08 00 00
00 00

enable rospec
04 18 00 00 00 0e 00 00 00 02 00 00 04 d2

enable rospec response
04 22 00 00 00 12 00 00 00 02 01 1f 00 08 00 00
00 00

custom message
07 ff 00 00 00 0f 00 00 27 0d 00 00 00 00 00

custom message
07 ff 00 00 00 17 00 00 27 0d 00 00 5e 95 16 01
1f 00 08 00 00 00 00

custom message
07 ff 00 00 00 0f 00 00 27 0b 00 00 00 00 00

custom message
07 ff 00 00 00 17 00 00 27 0b 00 00 5e 95 16 01
1f 00 08 00 00 00 00

set reader config
04 03 00 00 00 0b 00 00 27 0c 80

set reader config response
04 0d 00 00 00 12 00 00 27 0c 01 1f 00 08 00 00
00 00

delete rospec
04 15 00 00 00 0e 00 00 27 0d 00 00 00 00

delete rospec response
04 1f 00 00 00 12 00 00 27 0d 01 1f 00 08 00 00
00 00

delete accessspec
04 29 00 00 00 0e 00 00 27 0e 00 00 00 00

delete accessspec response
04 33 00 00 00 12 00 00 27 0e 01 1f 00 08 00 00
00 00

set reader config
04 03 00 00 00 70 00 00 27 0f 00 00 f4 00 20 00
f5 00 07 00 08 80 00 f5 00 07 00 01 80 00 f5 00
07 00 03 80 00 f5 00 07 00 02 80 00 ed 00 12 02
00 01 00 ee 00 0b 14 00 01 5c 00 05 40 00 ef 00
05 01 00 dc 00 09 01 00 00 27 10 00 e1 00 08 00
01 00 00 00 e1 00 08 00 02 00 00 00 e1 00 08 00
03 00 00 00 e1 00 08 00 04 00 00 00 e2 00 05 00

set reader config response
04 0d 00 00 00 12 00 00 27 0f 01 1f 00 08 00 00
00 00

add rospec
04 14 00 00 00 6c 00 00 27 10 00 b1 00 62 00 00
04 d2 00 00 00 b2 00 12 00 b3 00 05 00 00 b6 00
09 00 00 00 00 00 00 b7 00 46 00 01 00 01 00 b8
00 09 00 00 00 00 00 00 ba 00 35 04 d2 01 00 de
00 2e 00 01 00 df 00 06 00 01 00 e0 00 0a 00 01
00 01 00 78 01 4a 00 18 00 01 4f 00 08 00 01 00
00 01 50 00 0b 00 00 1e 00 00 00 00

add rospec response
04 1e 00 00 00 12 00 00 27 10 01 1f 00 08 00 00
00 00

enable rospec
04 18 00 00 00 0e 00 00 27 11 00 00 04 d2

enable rospec response
04 22 00 00 00 12 00 00 27 11 01 1f 00 08 00 00
00 00

custom message
07 ff 00 00 00 0f 00 00 27 0d 00 00 00 00 00

custom message
07 ff 00 00 00 17 00 00 27 0d 00 00 5e 95 16 01
1f 00 08 00 00 00 00

custom message
07 ff 00 00 00 0f 00 00 27 0b 00 00 00 00 00

custom message
07 ff 00 00 00 17 00 00 27 0b 00 00 5e 95 16 01
1f 00 08 00 00 00 00

enable rospec
04 18 00 00 00 0e 00 00 27 0c 00 00 04 d2

enable rospec response
04 22 00 00 00 12 00 00 27 0c 01 1f 00 08 00 00
00 00

start rospec
04 16 00 00 00 0e 00 00 27 0d 00 00 04 d2

start rospec response
04 20 00 00 00 12 00 00 27 0d 01 1f 00 08 00 00
00 00

reader event notification
04 3f 00 00 00 27 00 00 00 00 00 f6 00 1d 00 80
00 0c 00 06 3e 90 aa f1 92 38 00 f9 00 0d 00 00
00 04 d2 00 00 00 00

reader event notification
04 3f 00 00 00 25 00 00 00 00 00 f6 00 1b 00 80
00 0c 00 06 3e 90 aa f2 f9 98 00 fe 00 0b 01 00
00 00 7b 00 00

ro access report
04 3d 00 00 00 3a 00 00 00 00 00 f0 00 30 00 f1
00 16 00 80 85 04 70 00 04 90 50 50 31 55 30 34
00 70 23 00 81 00 01 86 b7 8c 44 00 03 ff 00 0e
00 00 5e 95 00 00 00 38 00 16

ro access report
04 3d 00 00 00 3a 00 00 00 00 00 f0 00 30 00 f1
00 16 00 80 85 04 70 00 01 35 4d 54 31 4b 55 33
00 70 25 00 81 00 01 86 b4 8c 44 00 03 ff 00 0e
00 00 5e 95 00 00 00 38 00 62

ro access report
04 3d 00 00 00 3a 00 00 00 00 00 f0 00 30 00 f1
00 16 00 80 85 04 70 00 03 26 50 50 31 55 30 34
00 70 23 00 81 00 01 86 b3 8c 44 00 03 ff 00 0e
00 00 5e 95 00 00 00 38 00 53

ro access report
04 3d 00 00 00 3a 00 00 00 00 00 f0 00 30 00 f1
00 16 00 80 85 04 70 00 13 68 4d 57 32 43 36 32
07 70 22 05 81 00 01 86 b6 8c 44 00 03 ff 00 0e
00 00 5e 95 00 00 00 38 00 1a

disable rospec
04 19 00 00 00 0e 00 00 27 0e 00 00 04 d2

reader event notification
04 3f 00 00 00 25 00 00 00 00 00 f6 00 1b 00 80
00 0c 00 06 3e 90 ab 22 18 18 00 fe 00 0b 00 00
00 00 7b 00 00

reader event notification
04 3f 00 00 00 27 00 00 00 00 00 f6 00 1d 00 80
00 0c 00 06 3e 90 ab 22 1c 00 00 f9 00 0d 01 00
00 04 d2 00 00 00 00

ro access report
04 3d 00 00 00 0a 00 00 00 00

disable rospec response
04 23 00 00 00 12 00 00 27 0e 01 1f 00 08 00 00
00 00

stop rospec
04 17 00 00 00 0e 00 00 27 0f 00 00 04 d2

stop rospec response
04 21 00 00 00 27 00 00 27 0f 01 1f 00 1d 00 65
00 15 46 61 69 6c 65 64 20 74 6f 20 73 74 6f 70
20 52 4f 53 70 65 63

close connection
04 0e 00 00 00 0a 00 00 01 0a

close connection response
04 04 00 00 00 12 00 00 01 0a 01 1f 00 08 00 00
00 00
